0 0.083984 0.592773 0.097656 0.097656
0 0.422852 0.387695 0.097656 0.097656
0 0.266602 0.764648 0.097656 0.097656
0 0.168945 0.303711 0.097656 0.097656
0 0.344727 0.084961 0.097656 0.097656
0 0.296875 0.488281 0.097656 0.097656
0 0.242188 0.598633 0.097656 0.097656
0 0.385742 0.538086 0.097656 0.097656
0 0.934570 0.173828 0.097656 0.097656
0 0.212891 0.892578 0.097656 0.097656
0 0.730469 0.279297 0.097656 0.097656
0 0.057617 0.743164 0.097656 0.097656
0 0.115234 0.158203 0.097656 0.097656
0 0.755859 0.627930 0.097656 0.097656
0 0.517578 0.224609 0.097656 0.097656
0 0.207031 0.321289 0.097656 0.097656
0 0.461914 0.240234 0.097656 0.097656
0 0.832031 0.422852 0.097656 0.097656
0 0.942383 0.817383 0.097656 0.097656
0 0.748047 0.103516 0.097656 0.097656
0 0.717773 0.678711 0.097656 0.097656
0 0.340820 0.210938 0.097656 0.097656
0 0.767578 0.483398 0.097656 0.097656
