0 0.358398 0.072266 0.097656 0.097656
0 0.471680 0.721680 0.097656 0.097656
0 0.363281 0.443359 0.097656 0.097656
0 0.726562 0.551758 0.097656 0.097656
0 0.538086 0.322266 0.097656 0.097656
0 0.350586 0.190430 0.097656 0.097656
0 0.198242 0.510742 0.097656 0.097656
0 0.633789 0.284180 0.097656 0.097656
0 0.939453 0.719727 0.097656 0.097656
0 0.246094 0.221680 0.097656 0.097656
0 0.066406 0.874023 0.097656 0.097656
0 0.809570 0.565430 0.097656 0.097656
0 0.582031 0.785156 0.097656 0.097656
0 0.565430 0.661133 0.097656 0.097656
0 0.185547 0.424805 0.097656 0.097656
0 0.739258 0.630859 0.097656 0.097656
0 0.493164 0.652344 0.097656 0.097656
0 0.857422 0.558594 0.097656 0.097656
0 0.341797 0.934570 0.097656 0.097656
0 0.057617 0.116211 0.097656 0.097656
