0 0.688477 0.413086 0.097656 0.097656
0 0.515625 0.916016 0.097656 0.097656
0 0.576172 0.217773 0.097656 0.097656
0 0.083984 0.802734 0.097656 0.097656
0 0.106445 0.932617 0.097656 0.097656
0 0.353516 0.741211 0.097656 0.097656
0 0.782227 0.926758 0.097656 0.097656
0 0.489258 0.122070 0.097656 0.097656
0 0.548828 0.907227 0.097656 0.097656
0 0.073242 0.194336 0.097656 0.097656
0 0.179688 0.699219 0.097656 0.097656
0 0.208984 0.563477 0.097656 0.097656
0 0.190430 0.472656 0.097656 0.097656
0 0.208984 0.749023 0.097656 0.097656
0 0.221680 0.420898 0.097656 0.097656
0 0.918945 0.251953 0.097656 0.097656
0 0.706055 0.400391 0.097656 0.097656
0 0.817383 0.251953 0.097656 0.097656
0 0.640625 0.091797 0.097656 0.097656
0 0.200195 0.185547 0.097656 0.097656
0 0.084961 0.494141 0.097656 0.097656
0 0.073242 0.765625 0.097656 0.097656
0 0.641602 0.865234 0.097656 0.097656
0 0.907227 0.229492 0.097656 0.097656
