0 0.505859 0.386719 0.097656 0.097656
0 0.545898 0.172852 0.097656 0.097656
0 0.761719 0.611328 0.097656 0.097656
0 0.446289 0.702148 0.097656 0.097656
0 0.460938 0.810547 0.097656 0.097656
0 0.078125 0.247070 0.097656 0.097656
0 0.834961 0.689453 0.097656 0.097656
0 0.083984 0.414062 0.097656 0.097656
0 0.371094 0.680664 0.097656 0.097656
0 0.770508 0.906250 0.097656 0.097656
0 0.657227 0.350586 0.097656 0.097656
0 0.564453 0.665039 0.097656 0.097656
0 0.944336 0.384766 0.097656 0.097656
0 0.335938 0.261719 0.097656 0.097656
0 0.110352 0.357422 0.097656 0.097656
0 0.407227 0.785156 0.097656 0.097656
0 0.863281 0.801758 0.097656 0.097656
