0 0.051758 0.330078 0.097656 0.097656
0 0.332031 0.810547 0.097656 0.097656
0 0.814453 0.609375 0.097656 0.097656
0 0.859375 0.666016 0.097656 0.097656
0 0.614258 0.465820 0.097656 0.097656
0 0.686523 0.436523 0.097656 0.097656
0 0.330078 0.350586 0.097656 0.097656
0 0.688477 0.351562 0.097656 0.097656
0 0.818359 0.067383 0.097656 0.097656
0 0.386719 0.411133 0.097656 0.097656
0 0.944336 0.886719 0.097656 0.097656
0 0.076172 0.281250 0.097656 0.097656
0 0.338867 0.103516 0.097656 0.097656
0 0.096680 0.883789 0.097656 0.097656
0 0.090820 0.832031 0.097656 0.097656
0 0.492188 0.789062 0.097656 0.097656
0 0.942383 0.779297 0.097656 0.097656
0 0.131836 0.832031 0.097656 0.097656
0 0.324219 0.789062 0.097656 0.097656
0 0.829102 0.503906 0.097656 0.097656
0 0.752930 0.754883 0.097656 0.097656
