0 0.066406 0.261719 0.097656 0.097656
0 0.921875 0.543945 0.097656 0.097656
0 0.527344 0.641602 0.097656 0.097656
0 0.161133 0.301758 0.097656 0.097656
0 0.904297 0.506836 0.097656 0.097656
0 0.535156 0.493164 0.097656 0.097656
0 0.590820 0.326172 0.097656 0.097656
0 0.798828 0.625000 0.097656 0.097656
0 0.173828 0.416016 0.097656 0.097656
0 0.087891 0.668945 0.097656 0.097656
0 0.592773 0.069336 0.097656 0.097656
0 0.100586 0.442383 0.097656 0.097656
0 0.094727 0.878906 0.097656 0.097656
0 0.931641 0.419922 0.097656 0.097656
0 0.296875 0.132812 0.097656 0.097656
